5 0.1796875 0.28359375 0.096875 0.121875
11 0.09375 0.5609375 0.1359375 0.13125
11 0.7296875 0.65859375 0.1203125 0.125
3 0.90078125 0.33125 0.096875 0.096875
6 0.76640625 0.42578125 0.096875 0.121875
0 0.9015625 0.52109375 0.1171875 0.115625
7 0.34921875 0.2359375 0.08125 0.1640625
8 0.415625 0.2984375 0.0875 0.1078125
2 0.5875 0.3015625 0.0875 0.071875
9 0.41328125 0.38828125 0.075 0.09375
8 0.21953125 0.4046875 0.109375 0.090625
0 0.628125 0.54453125 0.0828125 0.1140625
2 0.34765625 0.61171875 0.1078125 0.11875
10 0.2625 0.51015625 0.13125 0.128125
3 0.8734375 0.9296875 0.19375 0.0953125
3 0.1171875 0.93125 0.096875 0.1375