5 0.8203125 0.28359375 0.09609375 0.121875
11 0.90625 0.5609375 0.1359375 0.13046875
11 0.2703125 0.65859375 0.1203125 0.12421875
3 0.09921875 0.33125 0.09609375 0.096875
6 0.23359375 0.42578125 0.09765625 0.12265625
0 0.0984375 0.52109375 0.1171875 0.115625
7 0.65078125 0.2359375 0.08125 0.1640625
8 0.584375 0.2984375 0.0875 0.1078125
2 0.4125 0.3015625 0.0875 0.071875
9 0.58671875 0.38828125 0.07578125 0.09453125
8 0.78046875 0.4046875 0.109375 0.090625
0 0.371875 0.54453125 0.0828125 0.1140625
2 0.65234375 0.61171875 0.1078125 0.11796875
10 0.7375 0.51015625 0.13203125 0.12734375
3 0.1265625 0.9296875 0.19375 0.0953125
3 0.8828125 0.93125 0.09609375 0.13671875