5 0.8203125 0.71640625 0.096875 0.121875
11 0.90625 0.4390625 0.1359375 0.13125
11 0.2703125 0.34140625 0.1203125 0.125
3 0.09921875 0.66875 0.096875 0.096875
6 0.23359375 0.57421875 0.096875 0.121875
0 0.0984375 0.47890625 0.1171875 0.115625
7 0.65078125 0.7640625 0.08125 0.1640625
8 0.584375 0.7015625 0.0875 0.1078125
2 0.4125 0.6984375 0.0875 0.071875
9 0.58671875 0.61171875 0.075 0.09375
8 0.78046875 0.5953125 0.109375 0.090625
0 0.371875 0.45546875 0.0828125 0.1140625
2 0.65234375 0.38828125 0.1078125 0.11875
10 0.7375 0.48984375 0.13125 0.128125
3 0.1265625 0.0703125 0.19375 0.0953125
3 0.8828125 0.06875 0.096875 0.1375