3 0.10546875 0.39921875 0.096875 0.096875
10 0.259375 0.3734375 0.10625 0.121875
8 0.4734375 0.28984375 0.075 0.10625
8 0.76484375 0.48046875 0.09375 0.103125
6 0.38125 0.63671875 0.0875 0.103125
9 0.5484375 0.453125 0.06875 0.0953125
7 0.628125 0.29921875 0.0890625 0.1390625
0 0.09765625 0.590625 0.115625 0.109375
1 0.32421875 0.4734375 0.109375 0.14375
5 0.80078125 0.34921875 0.0875 0.109375
8 0.5828125 0.57890625 0.0875 0.115625
11 0.88671875 0.6296875 0.125 0.115625
0 0.565625 0.9296875 0.0625 0.140625