1 0.428125 0.37890625 0.09296875 0.15234375
4 0.25 0.671875 0.1359375 0.1375
0 0.36953125 0.5390625 0.09453125 0.109375
0 0.06875 0.50390625 0.12734375 0.125
2 0.66640625 0.6140625 0.115625 0.09453125
3 0.41953125 0.6578125 0.0875 0.090625
3 0.07109375 0.29296875 0.09609375 0.103125
9 0.0890625 0.7171875 0.12265625 0.09296875
9 0.59765625 0.37109375 0.084375 0.09921875
6 0.21640625 0.4015625 0.09921875 0.12421875
11 0.2171875 0.56328125 0.10390625 0.10078125
11 0.92890625 0.56640625 0.1421875 0.11875
10 0.7640625 0.5015625 0.15234375 0.12734375
8 0.80390625 0.3984375 0.12578125 0.09921875
8 0.59375 0.27265625 0.09921875 0.10703125
7 0.67109375 0.20234375 0.09921875 0.15625
2 0.41484375 0.27890625 0.0796875 0.08203125
5 0.84296875 0.26484375 0.11875 0.12734375
3 0.10390625 0.93203125 0.2078125 0.0859375
3 0.9 0.9390625 0.071875 0.121875