9 0.69296875 0.5546875 0.16875 0.1078125
11 0.52421875 0.50390625 0.190625 0.115625
6 0.39453125 0.63125 0.171875 0.0890625
9 0.30390625 0.621875 0.046875 0.06875
3 0.3546875 0.86953125 0.128125 0.1125
3 0.4546875 0.44609375 0.128125 0.065625
0 0.5125 0.1234375 0.190625 0.1453125
2 0.44375 0.30546875 0.159375 0.09375
0 0.4984375 0.7203125 0.196875 0.115625
2 0.30234375 0.5109375 0.134375 0.0828125
1 0.33203125 0.4375 0.20625 0.096875
4 0.20390625 0.39765625 0.053125 0.08125
7 0.1640625 0.33125 0.0875 0.06875
8 0.2703125 0.3203125 0.121875 0.071875
9 0.3296875 0.30625 0.1 0.078125
10 0.26640625 0.17265625 0.1671875 0.1125
5 0.3453125 0.23515625 0.1625 0.065625
8 0.340625 0.14609375 0.1390625 0.103125