3 0.63203125 0.15390625 0.1015625 0.0859375
3 0.2625 0.553125 0.090625 0.09375
0 0.42421875 0.14296875 0.109375 0.1203125
1 0.54140625 0.38203125 0.1390625 0.103125
5 0.653125 0.884375 0.125 0.1125
4 0.39140625 0.4078125 0.125 0.1
2 0.415625 0.64453125 0.1125 0.09375
8 0.734375 0.5453125 0.103125 0.0890625
10 0.64765625 0.31875 0.13125 0.103125
6 0.4515625 0.29375 0.10625 0.090625
9 0.55078125 0.61484375 0.0890625 0.075
8 0.509375 0.84296875 0.1078125 0.115625
7 0.71484375 0.7078125 0.1484375 0.115625
11 0.346875 0.94140625 0.109375 0.1171875
3 0.04140625 0.825 0.08125 0.109375