3 0.11171875 0.95078125 0.196875 0.0765625
3 0.55078125 0.6984375 0.0859375 0.09765625
3 0.37890625 0.553125 0.06953125 0.0890625
3 0.1484375 0.353125 0.0796875 0.0890625
0 0.1296875 0.54765625 0.1109375 0.10546875
2 0.4921875 0.584375 0.07734375 0.103125
2 0.46484375 0.346875 0.07578125 0.06484375
6 0.26953125 0.4578125 0.09296875 0.11640625
9 0.11875 0.74375 0.12265625 0.08828125
11 0.25546875 0.625 0.10078125 0.11640625
11 0.87109375 0.56953125 0.12578125 0.1125
9 0.3453125 0.3875 0.06640625 0.0859375
9 0.640625 0.41796875 0.0515625 0.034375
7 0.72109375 0.271875 0.0859375 0.10546875
8 0.678125 0.36171875 0.0796875 0.09453125
1 0.46796875 0.44921875 0.0890625 0.13515625
5 0.884375 0.353125 0.0859375 0.11640625
4 0.571875 0.35625 0.0828125 0.13984375
5 0.621875 0.49375 0.09296875 0.1140625
10 0.78984375 0.40390625 0.13046875 0.12265625
8 0.74765625 0.50859375 0.10234375 0.0890625