6 0.03359375 0.2125 0.0671875 0.10625
6 0.3375 0.2734375 0.06640625 0.125
11 0.1359375 0.3203125 0.09609375 0.1328125
11 0.4796875 0.6140625 0.10546875 0.13671875
9 0.47734375 0.28359375 0.0578125 0.0890625
9 0.553125 0.434375 0.08125 0.0859375
7 0.8140625 0.39921875 0.140625 0.1515625
10 0.6828125 0.4984375 0.12578125 0.1390625
8 0.6796875 0.40703125 0.09921875 0.071875
8 0.52265625 0.51171875 0.09296875 0.0734375
4 0.621875 0.35625 0.0859375 0.13359375
5 0.4578125 0.4375 0.07265625 0.11640625
0 0.1546875 0.47421875 0.10390625 0.1328125
8 0.27578125 0.41484375 0.0890625 0.1078125
0 0.18515625 0.24921875 0.07265625 0.12890625
3 0.4265625 0.203125 0.04921875 0.08828125
5 0.85390625 0.53671875 0.140625 0.12734375
2 0.5515625 0.321875 0.06796875 0.11015625
1 0.428125 0.3359375 0.07578125 0.15390625
3 0.27578125 0.33203125 0.06640625 0.0546875