1 0.37890625 0.571875 0.153125 0.09375
4 0.671875 0.75 0.1375 0.1359375
0 0.5390625 0.63046875 0.109375 0.09375
0 0.50390625 0.93125 0.125 0.128125
2 0.6140625 0.33359375 0.09375 0.115625
3 0.6578125 0.58046875 0.090625 0.0875
3 0.29296875 0.92890625 0.103125 0.096875
9 0.7171875 0.9109375 0.09375 0.121875
9 0.37109375 0.40234375 0.1 0.084375
6 0.4015625 0.78359375 0.125 0.1
11 0.56328125 0.7828125 0.1 0.103125
11 0.56640625 0.07109375 0.11875 0.1421875
10 0.5015625 0.2359375 0.128125 0.153125
8 0.3984375 0.19609375 0.1 0.125
8 0.27265625 0.40625 0.10625 0.1
7 0.20234375 0.32890625 0.15625 0.1
2 0.27890625 0.58515625 0.08125 0.0796875
5 0.26484375 0.15703125 0.128125 0.11875
3 0.93203125 0.89609375 0.0859375 0.2078125
3 0.9390625 0.1 0.121875 0.071875