6 0.03359375 0.7875 0.0671875 0.10625
6 0.3375 0.7265625 0.065625 0.125
11 0.1359375 0.6796875 0.096875 0.1328125
11 0.4796875 0.3859375 0.10625 0.1375
9 0.47734375 0.71640625 0.0578125 0.0890625
9 0.553125 0.565625 0.08125 0.0859375
7 0.8140625 0.60078125 0.140625 0.1515625
10 0.6828125 0.5015625 0.125 0.1390625
8 0.6796875 0.59296875 0.1 0.071875
8 0.52265625 0.48828125 0.09375 0.0734375
4 0.621875 0.64375 0.0859375 0.134375
5 0.4578125 0.5625 0.071875 0.115625
0 0.1546875 0.52578125 0.103125 0.1328125
8 0.27578125 0.58515625 0.0890625 0.1078125
0 0.18515625 0.75078125 0.071875 0.128125
3 0.4265625 0.796875 0.05 0.0875
5 0.85390625 0.46328125 0.140625 0.128125
2 0.5515625 0.678125 0.06875 0.109375
1 0.428125 0.6640625 0.075 0.153125
3 0.27578125 0.66796875 0.065625 0.0546875