3 0.15390625 0.36796875 0.0859375 0.1015625
3 0.553125 0.7375 0.09453125 0.09140625
0 0.14296875 0.57578125 0.1203125 0.11015625
1 0.38203125 0.45859375 0.10234375 0.1390625
5 0.884375 0.346875 0.1125 0.125
4 0.4078125 0.60859375 0.10078125 0.125
2 0.64453125 0.584375 0.09296875 0.1125
8 0.5453125 0.265625 0.0890625 0.10390625
10 0.31875 0.35234375 0.10234375 0.13125
6 0.29375 0.5484375 0.090625 0.10546875
9 0.61484375 0.44921875 0.07578125 0.0890625
8 0.84296875 0.490625 0.115625 0.1078125
7 0.7078125 0.28515625 0.115625 0.1484375
11 0.94140625 0.653125 0.1171875 0.11015625
3 0.825 0.95859375 0.109375 0.08203125