3 0.71953125 0.6953125 0.13203125 0.109375
3 0.0453125 0.434375 0.090625 0.10703125
0 0.1984375 0.6625 0.10546875 0.1203125
4 0.51484375 0.61484375 0.1375 0.14375
2 0.69140625 0.52734375 0.109375 0.1125
5 0.75859375 0.26015625 0.1125 0.12890625
1 0.38046875 0.46796875 0.1125 0.15234375
10 0.23359375 0.37734375 0.1078125 0.14609375
8 0.40078125 0.2421875 0.07421875 0.1125
7 0.57578125 0.2328125 0.11875 0.15625
11 0.5796875 0.41015625 0.0875 0.103125
8 0.7984375 0.40078125 0.109375 0.1015625
6 0.34140625 0.5859375 0.09765625 0.11796875