9 0.4453125 0.69296875 0.1078125 0.16953125
11 0.49609375 0.52421875 0.115625 0.190625
6 0.36875 0.39453125 0.0890625 0.17109375
9 0.378125 0.30390625 0.06796875 0.046875
3 0.13046875 0.3546875 0.1125 0.12890625
3 0.55390625 0.4546875 0.06640625 0.12734375
0 0.8765625 0.5125 0.1453125 0.190625
2 0.69453125 0.44375 0.09296875 0.15859375
0 0.2796875 0.4984375 0.115625 0.19609375
2 0.4890625 0.30234375 0.0828125 0.13359375
1 0.5625 0.33203125 0.096875 0.20703125
4 0.60234375 0.20390625 0.08046875 0.053125
7 0.66875 0.1640625 0.06953125 0.08828125
8 0.6796875 0.2703125 0.071875 0.12109375
9 0.69375 0.3296875 0.07890625 0.1
10 0.82734375 0.26640625 0.11171875 0.1671875
5 0.76484375 0.3453125 0.065625 0.1625
8 0.85390625 0.340625 0.103125 0.1390625