3 0.88828125 0.04921875 0.196875 0.0765625
3 0.44921875 0.3015625 0.0859375 0.096875
3 0.62109375 0.446875 0.06875 0.0890625
3 0.8515625 0.646875 0.0796875 0.0890625
0 0.8703125 0.45234375 0.1109375 0.10625
2 0.5078125 0.415625 0.078125 0.103125
2 0.53515625 0.653125 0.075 0.065625
6 0.73046875 0.5421875 0.09375 0.115625
9 0.88125 0.25625 0.121875 0.0875
11 0.74453125 0.375 0.1 0.115625
11 0.12890625 0.43046875 0.125 0.1125
9 0.6546875 0.6125 0.065625 0.0859375
9 0.359375 0.58203125 0.0515625 0.034375
7 0.27890625 0.728125 0.0859375 0.10625
8 0.321875 0.63828125 0.0796875 0.09375
1 0.53203125 0.55078125 0.0890625 0.134375
5 0.115625 0.646875 0.0859375 0.115625
4 0.428125 0.64375 0.0828125 0.140625
5 0.378125 0.50625 0.09375 0.1140625
10 0.21015625 0.59609375 0.13125 0.121875
8 0.25234375 0.49140625 0.103125 0.0890625