3 0.6953125 0.71953125 0.109375 0.13125
3 0.434375 0.0453125 0.10625 0.090625
0 0.6625 0.1984375 0.1203125 0.10625
4 0.61484375 0.51484375 0.14375 0.1375
2 0.52734375 0.69140625 0.1125 0.109375
5 0.26015625 0.75859375 0.128125 0.1125
1 0.46796875 0.38046875 0.153125 0.1125
10 0.37734375 0.23359375 0.146875 0.1078125
8 0.2421875 0.40078125 0.1125 0.075
7 0.2328125 0.57578125 0.15625 0.11875
11 0.41015625 0.5796875 0.103125 0.0875
8 0.40078125 0.7984375 0.1015625 0.109375
6 0.5859375 0.34140625 0.11875 0.096875