3 0.89453125 0.60078125 0.096875 0.096875
10 0.740625 0.6265625 0.10625 0.121875
8 0.5265625 0.71015625 0.075 0.10625
8 0.23515625 0.51953125 0.09375 0.103125
6 0.61875 0.36328125 0.0875 0.103125
9 0.4515625 0.546875 0.06875 0.0953125
7 0.371875 0.70078125 0.0890625 0.1390625
0 0.90234375 0.409375 0.115625 0.109375
1 0.67578125 0.5265625 0.109375 0.14375
5 0.19921875 0.65078125 0.0875 0.109375
8 0.4171875 0.42109375 0.0875 0.115625
11 0.11328125 0.3703125 0.125 0.115625
0 0.434375 0.0703125 0.0625 0.140625