9 0.4453125 0.30703125 0.1078125 0.16875
11 0.49609375 0.47578125 0.115625 0.190625
6 0.36875 0.60546875 0.0890625 0.171875
9 0.378125 0.69609375 0.06875 0.046875
3 0.13046875 0.6453125 0.1125 0.128125
3 0.55390625 0.5453125 0.065625 0.128125
0 0.8765625 0.4875 0.1453125 0.190625
2 0.69453125 0.55625 0.09375 0.159375
0 0.2796875 0.5015625 0.115625 0.196875
2 0.4890625 0.69765625 0.0828125 0.134375
1 0.5625 0.66796875 0.096875 0.20625
4 0.60234375 0.79609375 0.08125 0.053125
7 0.66875 0.8359375 0.06875 0.0875
8 0.6796875 0.7296875 0.071875 0.121875
9 0.69375 0.6703125 0.078125 0.1
10 0.82734375 0.73359375 0.1125 0.1671875
5 0.76484375 0.6546875 0.065625 0.1625
8 0.85390625 0.659375 0.103125 0.1390625