3 0.28046875 0.3046875 0.13125 0.109375
3 0.9546875 0.565625 0.090625 0.10625
0 0.8015625 0.3375 0.10625 0.1203125
4 0.48515625 0.38515625 0.1375 0.14375
2 0.30859375 0.47265625 0.109375 0.1125
5 0.24140625 0.73984375 0.1125 0.128125
1 0.61953125 0.53203125 0.1125 0.153125
10 0.76640625 0.62265625 0.1078125 0.146875
8 0.59921875 0.7578125 0.075 0.1125
7 0.42421875 0.7671875 0.11875 0.15625
11 0.4203125 0.58984375 0.0875 0.103125
8 0.2015625 0.59921875 0.109375 0.1015625
6 0.65859375 0.4140625 0.096875 0.11875