3 0.11171875 0.04921875 0.196875 0.0765625
3 0.55078125 0.3015625 0.0859375 0.096875
3 0.37890625 0.446875 0.06875 0.0890625
3 0.1484375 0.646875 0.0796875 0.0890625
0 0.1296875 0.45234375 0.1109375 0.10625
2 0.4921875 0.415625 0.078125 0.103125
2 0.46484375 0.653125 0.075 0.065625
6 0.26953125 0.5421875 0.09375 0.115625
9 0.11875 0.25625 0.121875 0.0875
11 0.25546875 0.375 0.1 0.115625
11 0.87109375 0.43046875 0.125 0.1125
9 0.3453125 0.6125 0.065625 0.0859375
9 0.640625 0.58203125 0.0515625 0.034375
7 0.72109375 0.728125 0.0859375 0.10625
8 0.678125 0.63828125 0.0796875 0.09375
1 0.46796875 0.55078125 0.0890625 0.134375
5 0.884375 0.646875 0.0859375 0.115625
4 0.571875 0.64375 0.0828125 0.140625
5 0.621875 0.50625 0.09375 0.1140625
10 0.78984375 0.59609375 0.13125 0.121875
8 0.74765625 0.49140625 0.103125 0.0890625