3 0.36796875 0.84609375 0.1015625 0.0859375
3 0.7375 0.446875 0.090625 0.09375
0 0.57578125 0.85703125 0.109375 0.1203125
1 0.45859375 0.61796875 0.1390625 0.103125
5 0.346875 0.115625 0.125 0.1125
4 0.60859375 0.5921875 0.125 0.1
2 0.584375 0.35546875 0.1125 0.09375
8 0.265625 0.4546875 0.103125 0.0890625
10 0.35234375 0.68125 0.13125 0.103125
6 0.5484375 0.70625 0.10625 0.090625
9 0.44921875 0.38515625 0.0890625 0.075
8 0.490625 0.15703125 0.1078125 0.115625
7 0.28515625 0.2921875 0.1484375 0.115625
11 0.653125 0.05859375 0.109375 0.1171875
3 0.95859375 0.175 0.08125 0.109375